6582
395
2939
2272
2209
4186
3074
5424
775
2092
7314
7584
9876
6215
2243
2436
2205
7661
3372
5315
6498
8244
1343
3798
2708
2855
1004
7344
7000
2018
2387
2308
1217
8185
7940
115
5997
4431
3636
5849
3061
8475
8068
4568
564
7132
7580
2226
7043
5215
1664
7926
175
7859
5976
4445
3064
7486
7304
7895
5145
2868
8069
4294
1491
2048
9242
2956
8446
9102
1461
2600
816
9275
8778
628
8913
4828
2587
3078
8026
9773
2825
7704
4238
3735
1622
8678
7413
2318
4435
476
9934
6083
1020
7223
129
976
997
1489
5871
3512
3050
9017
8178
6290
1946
6465
3424
5189
488
5702
4661
6341
3416
2519
3470
3304
6781
4486
3381
9637
3908
5882
4253
18
7992
3831
2964
7086
4752
6371
4334
1520
7508
4687
694
324
2231
6785
7033
1252
8964
7950
1544
2907
2636
2945
6020
303
9409
2227
6132
6744
3229
3268
9715
3899
7097
835
292
4188
3186
604
2727
5245
3072
5483
3539
4838
1759
7941
5931
8556
9146
449
8814
2684
6279
142
6952
4876
264
5959
5545
4967
714
6811
1245
9449
5591
7197
6551
5196
5844
238
7874
557
7594
2078
1185
6333
4743
4323
2289
4289
6022
8048
5067
3337
4635
1843
6017
4564
8288
9423
6497
7434
4233
9525
2378
7130
7857
7560
9193
5120
7153
8702
6486
4300
5766
6586
4344
517
5378
1226
6422
3750
9046
8450
4266
2076
784
6189
4632
3411
5062
2842
6514
9277
3239
8848
9500
90
2878
3736
892
6277
2549
8832
6571
4842
711
6831
3694
5477
1064
8543
8984
5734
9777
4540
2238
7293
9266
4127
4158
1408
9210
3396
1824
8166
3343
4418
689
8029
3321
1503
3785
5184
2731
4642
6795
960
6653
6751
7208
7743
8943
4110
413
2229
7365
9775
6399
9745
1502
5116
3234
8345
8586
8170
7170
842
9967
2490
6521
4935
2140
252
3791
2275
2973
8510
6647
3110
6986
2185
5437
9041
7813
4986
8656
766
2570
148
932
3623
9569
6479
3410
5000
6866
3195
7141
8772
6449
8908
9622
4629
3945
9088
7706
2024
7758
1979
8551
8468
8137
2188
8890
8024
4136
9985
7054
2075
4064
3258
6777
6473
3863
2767
3824
5803
1038
7650
3139
2120
2984
272
5279
5987
8263
189
6733
1424
5918
6506
7714
4744
6671
1905
1407
270
2365
1340
8181
1420
7585
6109
1484
9540
3900
3871
9549
5337
985
4569
7898
4256
8608
946
4699
6062
4131
3392
2026
5721
8449
2545
8435
9595
8280
6633
7115
2642
1723
8365
867
9945
9796
9074
5374
2189
2425
514
9168
6147
8650
7145
8827
5863
5825
1920
916
4023
6164
6789
4011
6367
1506
4671
2632
1120
2655
1618
1183
2163
8369
582
5822
327
1274
2599
4787
6400
6956
3886
6944
8811
6706
8576
7454
5595
1932
6538
2356
7444
8764
3244
3444
3773
812
10
8780
4902
5488
5079
2266
9048
4146
8631
7183
977
8550
247
3862
6114
4740
4213
